7.436500000000000000e+04 1.203127512272269684e+01
7.247900000000000000e+04 1.180644680353815090e+01
9.331690000000000000e+05 1.182696078219695046e+01
1.441800000000000000e+04 1.226081248101803389e+01
8.457590000000000000e+05 1.211674407590886915e+01
7.928460000000000000e+05 1.182941313950622941e+01
4.962520000000000000e+05 1.199998254774225437e+01
2.461030000000000000e+05 1.213872161943042371e+01
3.453360000000000000e+05 1.193300433002239203e+01
1.508830000000000000e+05 1.207683119489783685e+01
7.045710000000000000e+05 1.214813597827092906e+01
7.409400000000000000e+05 1.181434859674342519e+01
2.531320000000000000e+05 1.193070256204756596e+01
3.109440000000000000e+05 1.190305282929773512e+01
7.325110000000000000e+05 1.197063459025118703e+01
9.930220000000000000e+05 1.191044132882110596e+01
6.588340000000000000e+05 1.221125921396734171e+01
6.797400000000000000e+05 1.213409856937360054e+01
5.923760000000000000e+05 1.206129324634535038e+01
2.348790000000000000e+05 1.195800092230928335e+01
6.314050000000000000e+05 1.181226649045611232e+01
7.954900000000000000e+04 1.197533384245822496e+01
8.481050000000000000e+05 1.218832100139281138e+01
4.650220000000000000e+05 1.188557968350643890e+01
9.319130000000000000e+05 1.196381154359990262e+01
9.975250000000000000e+05 1.194876310189782842e+01
2.538900000000000000e+05 1.195675299317540485e+01
3.217070000000000000e+05 1.199395069417563064e+01
2.503920000000000000e+05 1.170748928452323412e+01
3.530420000000000000e+05 1.207465961578215285e+01
4.709810000000000000e+05 1.194789561490794938e+01
1.269440000000000000e+05 1.198527369289091027e+01
2.308280000000000000e+05 1.179684690055642804e+01
1.882550000000000000e+05 1.198133294492938106e+01
8.413440000000000000e+05 1.204197915386186857e+01
5.058090000000000000e+05 1.199406891634725092e+01
1.047720000000000000e+05 1.198346213795534965e+01
7.420160000000000000e+05 1.206727122300359056e+01
8.811440000000000000e+05 1.196723827401017282e+01
8.825470000000000000e+05 1.180851583477561206e+01
6.866770000000000000e+05 1.211269938573214944e+01
1.094700000000000000e+05 1.211381999487185013e+01
7.566580000000000000e+05 1.204154473507639622e+01
6.110830000000000000e+05 1.209533480771630387e+01
3.826570000000000000e+05 1.192909578411708971e+01
5.217930000000000000e+05 1.205796594798876065e+01
6.928820000000000000e+05 1.193809663062435789e+01
1.632160000000000000e+05 1.184620897405765660e+01
9.141400000000000000e+05 1.196019291201728052e+01
2.743100000000000000e+05 1.216241018238412686e+01
7.542640000000000000e+05 1.188127645570728319e+01
6.505800000000000000e+04 1.202210906673989754e+01
6.135420000000000000e+05 1.191580416156692124e+01
9.072370000000000000e+05 1.165461356412957450e+01
3.053980000000000000e+05 1.188615111395974466e+01
2.908750000000000000e+05 1.175622325742174823e+01
5.188570000000000000e+05 1.174668593295524666e+01
1.850710000000000000e+05 1.194418460972810081e+01
7.578220000000000000e+05 1.212487112822566360e+01
2.750560000000000000e+05 1.187589236408397397e+01
5.443640000000000000e+05 1.207364698335997133e+01
5.131740000000000000e+05 1.181448305932959997e+01
8.220510000000000000e+05 1.202408322024405685e+01
1.093710000000000000e+05 1.189966843590694623e+01
2.097040000000000000e+05 1.199136246453561228e+01
4.054770000000000000e+05 1.189360977614477832e+01
3.774680000000000000e+05 1.199982968753128709e+01
4.805520000000000000e+05 1.202003069643464706e+01
2.599740000000000000e+05 1.210568455225322815e+01
8.701980000000000000e+05 1.207483554438087836e+01
5.888340000000000000e+05 1.201583314875702868e+01
8.023680000000000000e+05 1.191915178144405196e+01
1.284690000000000000e+05 1.191236225809856819e+01
9.663780000000000000e+05 1.208822499489826541e+01
9.825150000000000000e+05 1.198509753465335059e+01
5.571420000000000000e+05 1.189691621062133109e+01
4.003960000000000000e+05 1.189445795700447306e+01
6.333600000000000000e+05 1.200549636501571449e+01
9.125090000000000000e+05 1.194309658416134745e+01
4.547480000000000000e+05 1.213342641604456418e+01
4.082450000000000000e+05 1.194645313242182638e+01
3.644740000000000000e+05 1.206402969423687033e+01
4.897690000000000000e+05 1.185402790862551115e+01
9.015310000000000000e+05 1.189518629293914742e+01
8.226010000000000000e+05 1.206102152128891802e+01
1.048000000000000000e+03 1.226037547064749056e+01
3.357000000000000000e+03 1.184015659782594909e+01
3.059760000000000000e+05 1.196514173269268966e+01
9.095200000000000000e+04 1.210927924030491454e+01
4.118450000000000000e+05 1.197570969022978460e+01
8.296030000000000000e+05 1.218878592098175773e+01
5.592300000000000000e+04 1.195731368892205282e+01
9.583030000000000000e+05 1.207343241618653806e+01
6.239000000000000000e+05 1.199511683523466665e+01
9.731680000000000000e+05 1.180474608958428995e+01
6.544420000000000000e+05 1.186209238871439808e+01
1.108830000000000000e+05 1.187109263488551214e+01
1.691470000000000000e+05 1.213435364539029493e+01
5.671100000000000000e+05 1.188286283271766131e+01
9.642260000000000000e+05 1.184971867076349028e+01
