74365
72479
933169
14418
845759
792846
496252
246103
345336
150883
704571
740940
253132
310944
732511
993022
658834
679740
592376
234879
631405
79549
848105
465022
931913
997525
253890
321707
250392
353042
470981
126944
230828
188255
841344
505809
104772
742016
881144
882547
686677
109470
756658
611083
382657
521793
692882
163216
914140
274310
754264
65058
613542
907237
305398
290875
518857
185071
757822
275056
544364
513174
822051
109371
209704
405477
377468
480552
259974
870198
588834
802368
128469
966378
982515
557142
400396
633360
912509
454748
408245
364474
489769
901531
822601
1048
3357
305976
90952
411845
829603
55923
958303
623900
973168
654442
110883
169147
567110
964226
